%YAML:1.0
---
calibration_time: "2018年11月30日 星期五 04时01分58秒"
image_width: 2592
image_height: 1944
flags: 0
camera_matrix: !!opencv-matrix
   rows: 3
   cols: 3
   dt: d
   data: [ 2.52156300e+03,0.0, 1296,
           0.0000000 ,2.51938297e+03,972,
           0.0000000 ,0.0000000 ,1.0 ]
distortion_coefficients: !!opencv-matrix
   rows: 1
   cols: 5
   dt: d
   data: [ 6.42165219e-05,-3.98417383e-05,1.27293589e-05,1.71453574e-05,3.97026026e-05 ]
avg_reprojection_error: 1.1793338989564708e+02
