%YAML:1.0
---
calibration_time: "2018年11月30日 星期五 04时01分58秒"
image_width: 2592
image_height: 1944
flags: 0
camera_matrix: !!opencv-matrix
   rows: 3
   cols: 3
   dt: d
   data: [ 2164.5217  ,0.0, 800,
           0.0000000 ,2164.5217  ,800,
           0.0000000 ,0.0000000 ,1.0 ]
distortion_coefficients: !!opencv-matrix
   rows: 1
   cols: 5
   dt: d
   data: [ 0.1e-08,0.1e-08,0.1e-08,0.1e-08,0.1e-08 ]
avg_reprojection_error: 1.1793338989564708e+02
